0.530
0.422
0.490
0.469
0.461
0.418
0.440
0.468
0.416
0.489
0.614
0.620
0.674
0.614
0.509
0.530
0.477
0.583
0.509
0.467
0.448
0.438
0.429
0.441
0.402
0.471
0.441
0.461
0.488
0.490
0.490
0.451
0.471
0.445
0.461
0.436
0.520
0.444
0.480
0.537
0.472
0.596
0.626
0.758
0.705
0.678
0.562
0.729
0.957
0.489
0.531
0.659
0.673
0.541
1.376
1.273
0.976
0.586
0.535
0.493
0.591
0.451
0.528
0.634
0.536
0.505
0.444
0.525
0.632
0.708
0.806
0.678
0.537
0.498
0.550
0.570
0.638
0.479
0.491
0.540
0.463
0.560
0.465
0.456
0.479
0.485
0.489
0.453
0.486
0.471
0.477
0.461
0.425
0.418
0.519
0.662
0.697
0.701
0.540
0.524
0.496
0.512
0.617
0.514
0.583
1.374
0.527
0.438
0.483
0.562
0.547
0.528
0.507
0.511
0.503
0.470
0.443
0.501
0.413
0.457
0.451
0.520
0.556
0.884
1.045
0.845
0.624
0.495
0.503
0.510
0.650
0.549
0.480
0.511
0.467
0.470
0.480
0.830
0.696
0.518
0.725
0.452
0.802
0.507
0.505
0.642
0.586
0.450
0.795
0.773
0.697
0.651
0.647
0.579
0.596
0.559
0.572
0.592
0.587
0.538
